589	
71	
-356	
-162	
-891	
-140	
-418	
-130	
-680	
37	
ra
71	
-356	
-162	
-891	
-140	
-418	
-130	
-680	
37	
589	
sa
-356	
71	
-162	
-891	
-140	
-418	
-130	
-680	
37	
589	
pa
71	-356
-162	
-891	
-140	
-418	
-130	
-680	
37	
589	
sa
-162	-356
71	
-891	
-140	
-418	
-130	
-680	
37	
589	
pa
71	-162
-891	-356
-140	
-418	
-130	
-680	
37	
589	
sa
-891	-162
71	-356
-140	
-418	
-130	
-680	
37	
589	
pa
71	-891
-140	-162
-418	-356
-130	
-680	
37	
589	
ss
-140	-162
71	-891
-418	-356
-130	
-680	
37	
589	
pa
71	-140
-418	-162
-130	-891
-680	-356
37	
589	
sa
-418	-140
71	-162
-130	-891
-680	-356
37	
589	
pa
71	-418
-130	-140
-680	-162
37	-891
589	-356
ss
-130	-140
71	-418
-680	-162
37	-891
589	-356
pa
71	-130
-680	-140
37	-418
589	-162
  	-891
  	-356
sa
-680	-130
71	-140
37	-418
589	-162
  	-891
  	-356
pa
71	-680
37	-130
589	-140
  	-418
  	-162
  	-891
  	-356
ss
37	-130
71	-680
589	-140
  	-418
  	-162
  	-891
  	-356
pb
-130	-680
37	-140
71	-418
589	-162
  	-891
  	-356
pb
-680	-140
-130	-418
37	-162
71	-891
589	-356
pb
ss
-680	-162
-140	-418
-130	-891
37	-356
71	
589	
pb
sa
-680	-418
-162	-891
-140	-356
-130	
37	
71	
589	
pb
ss
-680	-356
-418	-891
-162	
-140	
-130	
37	
71	
589	
ra
-418	-356
-162	-891
-140	
-130	
37	
71	
589	
-680	
pb
sa
-418	-891
-356	
-162	
-140	
-130	
37	
71	
589	
-680	
rra
-680	-891
-418	
-356	
-162	
-140	
-130	
37	
71	
589	
pb
-891	
-680	
-418	
-356	
-162	
-140	
-130	
37	
71	
589	
